reset_n registers ini.instruction outi.hold  :  expected_ini.hold expected_ini.is_pc_changing expected_outi.pc expected_outi.adjustment expected_outi.destination expected_outi.left_register expected_outi.right_register expected_outi.operation expected_outi.adjustment_operation expected_outi.destination_is_memory expected_outi.right_is_memory expected_outi.has_flushed expected_outi.is_valid
0       00000000  80000000        0          :  0                 0                           XXXXXXXX         XXXXXXXX                 XX                        XX                          XX                           X                       XXX                                X                                   X                             0						  0
1       00000000  00000000        0          :  0                 0                           00000000         00000000                 00                        00                          00                           0                       100                                0                                   0                             0						  1
1       44444444  00000000        0          :  0                 0                           44444444         00000000                 00                        00                          00                           0                       100                                0                                   0                             0						  1
1       00000000  04800000        0          :  0                 0                           00000000         00000000                 00                        00                          00                           9                       100                                0                                   0                             0						  1
1       00000000  07800000        0          :  0                 0                           00000000         00000000                 00                        00                          00                           F                       100                                0                                   0                             0						  1
1       00000000  0000FFFF        0          :  0                 0                           00000000         0000FFFF                 00                        00                          00                           0                       100                                0                                   0                             0						  1
1       00000000  00010000        0          :  0                 0                           00000000         FFFF0000                 00                        00                          00                           0                       100                                0                                   0                             0						  1
1       00000000  0001FFFF        0          :  0                 0                           00000000         FFFFFFFF                 00                        00                          00                           0                       100                                0                                   0                             0						  1
1       00000000  007C0000        0          :  0                 0                           00000000         00000000                 1F                        00                          00                           0                       100                                0                                   0                             0						  1
1       00000000  00020000        0          :  0                 0                           00000000         00000000                 00                        00                          00                           0                       000                                0                                   0                             0						  1
1       00000000  0003F000        0          :  0                 0                           00000000         00000000                 00                        1F                          00                           0                       000                                0                                   0                             0						  1
1       00000000  000207C0        0          :  0                 0                           00000000         00000000                 00                        00                          1F                           0                       000                                0                                   0                             0						  1
1       00000000  00020030        0          :  0                 0                           00000000         00000000                 00                        00                          00                           0                       011                                0                                   0                             0						  1
1       00000000  0002003F        0          :  0                 0                           00000000         0000000F                 00                        00                          00                           0                       011                                0                                   0                             0						  1
1       00000000  00020800        0          :  0                 0                           00000000         00000000                 00                        00                          00                           0                       100                                0                                   1                             0						  1
1       00000000  000209FF        0          :  0                 0                           00000000         000001FF                 00                        00                          00                           0                       100                                0                                   1                             0						  1
1       00000000  00020A00        0          :  0                 0                           00000000         FFFFFE00                 00                        00                          00                           0                       100                                0                                   1                             0						  1
1       00000000  00020BFF        0          :  0                 0                           00000000         FFFFFFFF                 00                        00                          00                           0                       100                                0                                   1                             0						  1
1       00000000  00020C00        0          :  0                 0                           00000000         00000000                 00                        00                          00                           0                       100                                1                                   0                             0						  1
1       00000000  00080000        0          :  0                 1                           00000000         00000000                 02                        00                          00                           0                       100                                0                                   0                             1						  1
