reset_n has_flushed data_valid pc        data     outi.hold outi.is_pc_changing  :  expected_address_enable expected_address expected_next_pc expected_outi.instruction
0       X           X          XXXXXXXX  XXXXXXXX 0         0                    :  1                       00000000         00000000		  80000000
1       0           1          00000000  11111111 0         0                    :  1                       00000000         00000004		  11111111
1       0           1          00000004  22222222 0         0                    :  1                       00000004         00000008		  22222222
1       0           X          00000008  XXXXXXXX 1         0                    :  0                       00000008         00000008		  22222222
1       0           1          00000008  44444444 0         0                    :  1                       00000008         0000000C		  44444444
1       0           1          0000000C  55555555 0         0                    :  1                       0000000C         00000010		  55555555
1       0           X          00000010  XXXXXXXX 0         1                    :  0                       00000010         00000010		  80000000
1       0           X          00000010  XXXXXXXX 0         0                    :  0                       00000010         00000010		  80000000
1       1           1          00000020  88888888 0         0                    :  1                       00000020         00000024		  88888888
1       0           1          00000024  99999999 0         0                    :  1                       00000024         00000028		  99999999
1       0           0          00000028  XXXXXXXX 0         0                    :  1                       00000028         00000028		  80000000
1       0           1          00000028  AAAAAAAA 0         0                    :  1                       00000028         0000002C		  AAAAAAAA
1       0           1          0000002C  BBBBBBBB 0         0                    :  1                       0000002C         00000030		  BBBBBBBB
1       0           X          00000030  XXXXXXXX 0         1                    :  0                       00000030         00000030		  80000000
1       0           X          00000030  XXXXXXXX 0         0                    :  0                       00000030         00000030		  80000000
1       1           0          00000040  XXXXXXXX 0         0                    :  1                       00000040         00000040		  80000000
1       0           1          00000040  CCCCCCCC 0         0                    :  1                       00000040         00000044		  CCCCCCCC
1       0           1          00000044  DDDDDDDD 0         0                    :  1                       00000044         00000048		  DDDDDDDD
