reset_n data_valid data     registers ini.pc   ini.adjustment ini.destination ini.left_register ini.right_register ini.operation ini.adjustment_operation ini.destination_is_memory ini.right_is_memory ini.has_flushed ini.is_valid outi.hold  :  expected_address_enable expected_address expected_ini.hold expected_outi.pc expected_outi.adjustment expected_outi.left_value expected_outi.right_value expected_outi.destination expected_outi.operation expected_outi.adjustment_operation expected_outi.destination_is_memory expected_outi.has_flushed expected_outi.is_valid
0       X          XXXXXXXX XXXXXXXX  XXXXXXXX XXXXXXXX       XX              XX                XX                 X             XXX                      X                         X                   0               X            X          :  0                       XXXXXXXX         0                 XXXXXXXX         XXXXXXXX                 XXXXXXXX                 XXXXXXXX                  XX                        X                       XXX                                X                                   0						  0
1       1          XXXXXXXX 00000000  00000000 00000000       00              00                00                 0             000                      0                         0                   0               1            0          :  0                       00000000         0                 00000000         00000000                 00000000                 00000000                  00                        0                       000                                0                                   0						  1
1       1          XXXXXXXX 00000000  00000000 00000000       00              00                00                 0             001                      0                         0                   0               1            0          :  0                       00000000         0                 00000000         00000000                 00000000                 00000000                  00                        0                       001                                0                                   0						  1
1       1          XXXXXXXX 00000000  00000000 00000000       00              00                00                 0             010                      0                         0                   0               1            0          :  0                       00000000         0                 00000000         00000000                 00000000                 00000000                  00                        0                       010                                0                                   0						  1
1       1          XXXXXXXX 00000000  00000000 00000000       00              00                00                 0             011                      0                         0                   0               1            0          :  0                       00000000         0                 00000000         00000000                 00000000                 00000000                  00                        0                       011                                0                                   0						  1
1       1          XXXXXXXX 00000000  00000000 00000000       00              00                00                 0             1XX                      0                         0                   0               1            0          :  0                       00000000         0                 00000000         00000000                 00000000                 00000000                  00                        0                       1XX                                0                                   0						  1
1       1          XXXXXXXX 44444444  44444444 00000000       00              00                00                 0             000                      0                         0                   0               1            0          :  0                       00000000         0                 44444444         00000000                 00000000                 00000000                  00                        0                       000                                0                                   0						  1
1       1          XXXXXXXX 44444444  44444444 00000000       00              00                00                 1             000                      0                         0                   0               1            0          :  0                       00000000         0                 44444444         00000000                 00000000                 00000000                  00                        1                       000                                0                                   0						  1
1       1          XXXXXXXX 44444444  44444444 00000000       00              00                00                 8             000                      0                         0                   0               1            0          :  0                       00000000         0                 44444444         00000000                 00000000                 00000000                  00                        8                       000                                0                                   0						  1
1       1          XXXXXXXX 44444444  44444444 00000000       00              00                00                 9             000                      0                         0                   0               1            0          :  0                       00000000         0                 44444444         00000000                 00000000                 00000000                  00                        9                       000                                0                                   0						  1
1       1          XXXXXXXX 44444444  44444444 00000000       00              00                00                 F             000                      0                         0                   0               1            0          :  0                       00000000         0                 44444444         00000000                 00000000                 00000000                  00                        F                       000                                0                                   0						  1
1       1          11111111 88888888  88888888 00000000       00              00                00                 0             000                      0                         1                   0               1            0          :  1                       00000000         0                 88888888         00000000                 00000000                 11111111                  00                        0                       000                                0                                   0						  1
1       1          11111111 88888888  88888888 00000001       00              00                00                 0             000                      0                         1                   0               1            0          :  1                       00000001         0                 88888888         00000001                 00000000                 11111111                  00                        0                       000                                0                                   0						  1
1       1          11111111 88888888  88888888 7FFFFFFF       00              00                00                 0             000                      0                         1                   0               1            0          :  1                       7FFFFFFF         0                 88888888         7FFFFFFF                 00000000                 11111111                  00                        0                       000                                0                                   0						  1
1       1          11111111 88888888  88888888 80000000       00              00                00                 0             000                      0                         1                   0               1            0          :  1                       80000000         0                 88888888         80000000                 00000000                 11111111                  00                        0                       000                                0                                   0						  1
1       1          11111111 88888888  88888888 FFFFFFFF       00              00                00                 0             000                      0                         1                   0               1            0          :  1                       FFFFFFFF         0                 88888888         FFFFFFFF                 00000000                 11111111                  00                        0                       000                                0                                   0						  1
1       1          11111111 44444444  44444444 00000000       00              00                01                 0             000                      0                         1                   0               1            0          :  1                       44444444         0                 44444444         00000000                 00000000                 11111111                  00                        0                       000                                0                                   0						  1
1       1          11111111 44444444  44444444 00000001       00              00                01                 0             000                      0                         1                   0               1            0          :  1                       44444445         0                 44444444         00000001                 00000000                 11111111                  00                        0                       000                                0                                   0						  1
1       1          11111111 44444444  44444444 7FFFFFFF       00              00                01                 0             000                      0                         1                   0               1            0          :  1                       C4444443         0                 44444444         7FFFFFFF                 00000000                 11111111                  00                        0                       000                                0                                   0						  1
1       1          11111111 44444444  44444444 80000000       00              00                01                 0             000                      0                         1                   0               1            0          :  1                       C4444444         0                 44444444         80000000                 00000000                 11111111                  00                        0                       000                                0                                   0						  1
1       1          11111111 44444444  44444444 FFFFFFFF       00              00                01                 0             000                      0                         1                   0               1            0          :  1                       44444443         0                 44444444         FFFFFFFF                 00000000                 11111111                  00                        0                       000                                0                                   0						  1
1       1          11111111 88888888  88888888 00000000       00              00                01                 0             000                      0                         1                   0               1            0          :  1                       88888888         0                 88888888         00000000                 00000000                 11111111                  00                        0                       000                                0                                   0						  1
1       1          11111111 88888888  88888888 00000001       00              00                01                 0             000                      0                         1                   0               1            0          :  1                       88888889         0                 88888888         00000001                 00000000                 11111111                  00                        0                       000                                0                                   0						  1
1       1          11111111 88888888  88888888 7FFFFFFF       00              00                01                 0             000                      0                         1                   0               1            0          :  1                       08888887         0                 88888888         7FFFFFFF                 00000000                 11111111                  00                        0                       000                                0                                   0						  1
1       1          11111111 88888888  88888888 80000000       00              00                01                 0             000                      0                         1                   0               1            0          :  1                       08888888         0                 88888888         80000000                 00000000                 11111111                  00                        0                       000                                0                                   0						  1
1       1          11111111 88888888  88888888 FFFFFFFF       00              00                01                 0             000                      0                         1                   0               1            0          :  1                       88888887         0                 88888888         FFFFFFFF                 00000000                 11111111                  00                        0                       000                                0                                   0						  1
1       1          XXXXXXXX 44444444  44444444 00000000       00              00                00                 0             000                      1                         0                   0               1            0          :  0                       00000000         0                 44444444         00000000                 00000000                 00000000                  00                        0                       000                                1                                   0						  1
1       1          XXXXXXXX 44444444  44444444 00000000       00              01                00                 0             000                      0                         0                   0               1            0          :  0                       00000000         0                 44444444         00000000                 44444444                 00000000                  00                        0                       000                                0                                   0						  1
1       1          XXXXXXXX 44444444  44444444 00000000       01              00                00                 0             000                      0                         0                   0               1            0          :  0                       00000000         0                 44444444         00000000                 00000000                 00000000                  01                        0                       000                                0                                   0						  1
